Month	KOSPI	Price_Seoul	Homeloan	Call_rate	M2	Export	Sentiment
07-Dec	1903.99 	78.64 	107469.20 	4.99 	1269.50 	15.40 	59.52 
08-Jan	1732.29 	79.19 	107433.50 	4.99 	1286.40 	13.50 	74.43 
08-Feb	1689.53 	79.72 	106294.40 	4.97 	1309.20 	15.60 	80.63 
08-Mar	1651.15 	80.87 	106393.80 	4.97 	1324.00 	15.70 	96.05 
08-Apr	1776.58 	82.20 	107235.20 	4.99 	1339.40 	16.50 	95.65 
08-May	1846.75 	82.90 	107892.20 	4.97 	1356.60 	17.50 	87.67 
08-Jun	1758.17 	83.48 	108322.40 	4.95 	1369.70 	16.90 	76.51 
08-Jul	1569.60 	83.80 	109336.90 	4.98 	1378.90 	16.40 	61.83 
08-Aug	1537.55 	83.97 	109710.90 	5.22 	1386.10 	16.30 	54.02 
08-Sep	1446.56 	84.14 	110055.40 	5.22 	1395.70 	16.60 	44.33 
08-Oct	1201.70 	84.04 	110207.20 	4.88 	1404.00 	15.50 	26.41 
08-Nov	1073.95 	83.61 	110702.30 	4.00 	1426.20 	12.80 	23.51 
08-Dec	1114.90 	82.60 	111182.10 	3.27 	1436.30 	11.30 	18.09 
09-Jan	1156.37 	82.04 	112031.20 	2.43 	1440.30 	9.90 	23.62 
09-Feb	1139.75 	81.94 	112388.70 	2.06 	1457.90 	11.50 	31.91 
09-Mar	1140.45 	81.78 	113018.50 	1.77 	1470.40 	11.70 	28.00 
09-Apr	1322.10 	81.99 	113246.20 	1.80 	1482.00 	12.70 	45.59 
09-May	1400.50 	82.07 	114235.40 	1.91 	1491.50 	12.60 	43.67 
09-Jun	1395.24 	82.38 	115443.30 	1.93 	1501.90 	13.70 	50.80 
09-Jul	1460.03 	82.92 	116903.60 	1.93 	1512.80 	12.80 	63.03 
09-Aug	1577.91 	83.36 	117591.70 	1.98 	1524.90 	12.60 	68.29 
09-Sep	1659.45 	84.30 	116951.90 	1.99 	1535.30 	14.10 	67.76 
09-Oct	1630.61 	84.70 	117460.40 	1.99 	1551.30 	14.80 	48.46 
09-Nov	1583.47 	84.77 	117896.00 	2.00 	1564.20 	14.80 	36.33 
09-Dec	1646.64 	84.79 	118429.80 	2.00 	1570.00 	15.00 	30.24 
10-Jan	1682.16 	84.88 	118215.30 	2.00 	1574.20 	13.70 	38.90 
10-Feb	1598.96 	85.08 	118481.40 	2.00 	1595.40 	16.20 	38.51 
10-Mar	1665.50 	85.15 	119222.80 	2.01 	1607.90 	15.60 	28.88 
10-Apr	1730.29 	85.10 	119864.20 	2.00 	1621.20 	16.40 	20.49 
10-May	1648.30 	84.92 	120493.60 	2.01 	1630.90 	18.10 	18.46 
10-Jun	1691.94 	84.63 	121130.50 	2.00 	1648.00 	18.30 	15.87 
10-Jul	1731.12 	84.34 	122113.40 	2.21 	1653.10 	16.50 	16.30 
10-Aug	1762.18 	84.04 	121812.70 	2.27 	1653.90 	15.20 	16.57 
10-Sep	1815.75 	83.89 	122165.40 	2.27 	1659.40 	18.80 	18.19 
10-Oct	1889.70 	83.79 	122853.20 	2.26 	1669.40 	18.40 	16.31 
10-Nov	1924.71 	83.75 	123508.10 	2.37 	1679.90 	17.20 	24.25 
10-Dec	2002.50 	83.79 	124107.30 	2.50 	1682.90 	18.00 	27.90 
11-Jan	2091.61 	83.91 	124710.30 	2.66 	1676.40 	19.40 	32.31 
11-Feb	2002.87 	84.13 	125280.30 	2.75 	1674.40 	20.30 	36.43 
11-Mar	2002.67 	84.32 	126216.00 	2.92 	1677.50 	20.00 	30.63 
11-Apr	2153.13 	84.37 	126822.70 	3.01 	1684.80 	20.90 	23.74 
11-May	2121.87 	84.38 	126687.80 	3.02 	1690.50 	21.50 	21.33 
11-Jun	2074.64 	84.35 	127018.00 	3.21 	1697.20 	20.30 	17.96 
11-Jul	2150.06 	84.27 	127536.80 	3.26 	1705.50 	20.80 	15.87 
11-Aug	1869.41 	84.25 	127651.60 	3.25 	1719.40 	19.10 	18.23 
11-Sep	1790.95 	84.23 	128044.90 	3.25 	1729.50 	21.10 	18.53 
11-Oct	1825.88 	84.19 	128497.60 	3.24 	1742.60 	20.70 	14.98 
11-Nov	1858.80 	84.12 	129001.20 	3.26 	1753.30 	19.20 	14.13 
11-Dec	1863.23 	84.03 	129389.50 	3.26 	1756.60 	19.50 	15.40 
12-Jan	1891.01 	83.95 	128780.10 	3.26 	1757.10 	18.70 	14.95 
12-Feb	2003.23 	83.88 	128685.70 	3.25 	1763.00 	20.10 	15.46 
12-Mar	2023.41 	83.78 	128734.10 	3.25 	1773.20 	20.10 	12.83 
12-Apr	1995.92 	83.55 	128727.80 	3.25 	1777.10 	21.00 	11.74 
12-May	1886.35 	83.42 	128511.40 	3.26 	1784.20 	20.80 	12.02 
12-Jun	1848.60 	83.26 	128578.40 	3.26 	1797.00 	21.00 	9.58 
12-Jul	1826.75 	82.91 	128199.50 	3.08 	1807.30 	18.60 	9.78 
12-Aug	1918.91 	82.68 	127699.10 	3.00 	1817.10 	17.90 	10.93 
12-Sep	1961.29 	82.32 	127010.20 	2.99 	1819.30 	20.60 	8.94 
12-Oct	1942.19 	82.02 	126580.80 	2.80 	1822.40 	20.50 	10.64 
12-Nov	1904.70 	81.81 	126096.50 	2.75 	1830.30 	19.90 	10.64 
12-Dec	1973.84 	81.61 	126569.80 	2.75 	1835.60 	20.90 	8.12 
13-Jan	1986.10 	81.42 	125883.70 	2.76 	1841.10 	19.00 	10.76 
13-Feb	1979.85 	81.28 	125338.60 	2.75 	1857.10 	20.70 	10.47 
13-Mar	1990.24 	81.12 	125078.40 	2.74 	1862.40 	21.00 	14.99 
13-Apr	1938.88 	81.06 	124678.20 	2.75 	1867.70 	19.30 	18.62 
13-May	1974.45 	81.00 	125056.80 	2.55 	1870.30 	21.00 	23.11 
13-Jun	1884.41 	80.88 	125500.50 	2.49 	1884.20 	21.70 	17.92 
13-Jul	1871.77 	80.69 	125437.80 	2.48 	1890.70 	18.30 	13.16 
13-Aug	1896.96 	80.53 	125667.60 	2.50 	1888.70 	19.70 	12.19 
13-Sep	1984.39 	80.52 	125556.50 	2.50 	1903.20 	22.30 	25.05 
13-Oct	2029.68 	80.58 	126081.00 	2.50 	1908.60 	21.90 	28.03 
13-Nov	2009.92 	80.57 	126408.40 	2.50 	1923.30 	20.40 	23.78 
13-Dec	1988.33 	80.57 	127035.20 	2.50 	1932.00 	20.90 	21.27 
14-Jan	1948.22 	80.59 	126949.90 	2.50 	1937.00 	20.70 	29.70 
14-Feb	1937.73 	80.66 	127728.20 	2.49 	1954.30 	20.00 	40.39 
14-Mar	1952.43 	80.79 	128438.20 	2.48 	1965.00 	21.30 	43.88 
14-Apr	1991.19 	80.84 	128399.90 	2.49 	1970.40 	21.00 	32.43 
14-May	1994.13 	80.83 	128903.20 	2.49 	1982.40 	22.10 	31.49 
14-Jun	1995.08 	80.77 	129784.10 	2.48 	1999.40 	22.80 	29.30 
14-Jul	2021.95 	80.77 	130921.40 	2.49 	2013.90 	19.30 	28.02 
14-Aug	2060.93 	80.80 	131869.60 	2.34 	2031.80 	20.50 	43.29 
14-Sep	2042.71 	80.97 	133147.80 	2.23 	2037.60 	22.60 	60.46 
14-Oct	1942.80 	81.14 	134970.10 	2.06 	2051.10 	22.40 	53.57 
14-Nov	1959.65 	81.21 	136373.70 	1.98 	2083.30 	20.70 	41.52 
14-Dec	1941.93 	81.22 	137629.00 	1.99 	2088.70 	20.60 	35.74 
15-Jan	1920.99 	81.26 	138052.90 	1.99 	2092.20 	19.20 	41.04 
15-Feb	1961.00 	81.39 	139228.20 	2.12 	2109.90 	21.80 	60.02 
15-Mar	2012.62 	81.67 	141060.90 	1.82 	2127.90 	19.50 	84.92 
15-Apr	2107.27 	82.03 	143806.20 	1.73 	2148.10 	19.30 	78.76 
15-May	2114.90 	82.29 	143928.80 	1.74 	2166.70 	20.60 	81.97 
15-Jun	2063.69 	82.64 	140432.20 	1.57 	2179.60 	19.80 	85.92 
15-Jul	2058.03 	83.00 	141387.30 	1.48 	2200.50 	19.30 	94.08 
15-Aug	1952.55 	83.35 	143353.10 	1.49 	2218.70 	17.80 	86.21 
15-Sep	1939.58 	83.78 	145157.60 	1.48 	2230.00 	20.20 	86.21 
15-Oct	2020.57 	84.14 	147568.30 	1.48 	2232.40 	18.80 	94.08 
15-Nov	2006.78 	84.56 	149085.70 	1.49 	2242.80 	19.30 	73.14 
15-Dec	1971.53 	84.74 	151157.60 	1.48 	2246.10 	17.70 	62.72 
16-Jan	1894.65 	84.82 	151897.60 	1.49 	2261.40 	16.20 	52.30 
16-Feb	1900.61 	84.92 	152080.10 	1.49 	2285.30 	18.00 	48.63 
16-Mar	1976.50 	85.00 	153160.20 	1.49 	2294.50 	17.90 	52.44 
16-Apr	1996.17 	85.08 	154391.20 	1.49 	2299.10 	18.20 	58.59 
16-May	1966.68 	85.25 	156076.00 	1.49 	2312.80 	18.50 	73.56 
16-Jun	1977.03 	85.50 	158001.30 	1.28 	2334.30 	19.70 	95.47 
16-Jul	2002.48 	85.82 	159624.80 	1.23 	2352.20 	17.40 	108.47 
16-Aug	2036.66 	86.14 	161830.80 	1.23 	2377.30 	16.70 	114.30 
16-Sep	2042.56 	86.41 	163200.00 	1.24 	2383.00 	19.50 	124.77 
16-Oct	2036.03 	86.83 	164916.10 	1.23 	2391.10 	18.70 	124.83 
16-Nov	1981.75 	87.22 	167171.70 	1.23 	2406.40 	19.90 	80.67 
16-Dec	2021.67 	87.29 	167875.70 	1.23 	2414.00 	18.40 	63.96 
17-Jan	2061.73 	87.31 	167698.80 	1.24 	2417.80 	18.70 	53.26 
17-Feb	2082.80 	87.34 	167852.00 	1.23 	2420.30 	19.60 	58.72 
17-Mar	2136.17 	87.41 	168377.30 	1.23 	2437.00 	20.30 	65.82 
17-Apr	2160.18 	87.50 	169036.10 	1.23 	2450.20 	22.70 	73.07 
17-May	2301.89 	87.64 	169838.40 	1.23 	2454.40 	21.40 	94.10 
17-Jun	2372.20 	88.13 	171044.50 	1.24 	2470.90 	22.30 	124.72 
17-Jul	2412.90 	88.68 	172570.40 	1.24 	2472.10 	20.80 	123.08 
17-Aug	2372.18 	89.30 	174607.20 	1.23 	2485.60 	19.60 	81.96 
17-Sep	2371.84 	89.43 	174828.70 	1.25 	2492.40 	23.50 	69.48 
17-Oct	2482.87 	89.71 	175427.90 	1.24 	2504.60 	24.90 	85.30 
17-Nov	2533.51 	90.10 	176351.50 	1.26 	2521.80 	20.70 	84.91 
17-Dec	2467.73 	90.51 	176991.00 	1.51 	2527.60 	21.80 	88.41 
18-Jan	2520.94 	91.15 	177280.40 	1.49 	2551.20 	20.50 	118.02 
18-Feb	2439.10 	91.78 	177150.80 	1.49 	2570.80 	22.80 	122.84 
18-Mar	2451.57 	92.63 	177624.20 	1.49 	2578.40 	21.80 	103.91 
18-Apr	2458.22 	93.27 	178078.00 	1.47 	2590.80 	21.70 	79.04 
18-May	2461.30 	93.62 	178762.90 	1.50 	2600.30 	23.60 	80.00 
18-Jun	2394.51 	93.98 	178960.10 	1.49 	2622.30 	23.80 	77.84 
18-Jul	2284.25 	94.54 	179277.60 	1.49 	2637.40 	21.60 	84.14 
18-Aug	2283.80 	95.29 	179981.40 	1.50 	2651.50 	21.30 	128.02 
18-Sep	2307.33 	98.01 	181251.50 	1.54 	2652.80 	26.00 	164.49 
18-Oct	2153.48 	99.41 	181938.70 	1.52 	2674.50 	23.90 	85.97 
18-Nov	2083.33 	99.81 	183394.70 	1.51 	2693.00 	21.50 	64.52 
18-Dec	2070.13 	99.96 	183858.00 	1.77 	2700.00 	21.50 	51.54 
19-Jan	2101.98 	100.00 	183577.90 	1.75 	2717.00 	19.20 	49.96 
19-Feb	2210.20 	99.95 	183974.30 	1.76 	2730.00 	20.80 	42.90 
19-Mar	2161.91 	99.87 	184496.70 	1.76 	2753.00 	20.90 	37.90 
19-Apr	2212.12 	99.87 	185582.20 	1.75 	2763.00 	20.30 	38.21 
19-May	2086.90 	99.92 	186359.30 	1.75 	2772.00 	19.90 	42.38 
19-Jun	2105.30 	100.04 	186961.80 	1.76 	2799.00 	20.50 	50.97 
19-Jul	2079.48 	100.30 	187995.30 	1.63 	2812.00 	18.40 	75.57 
19-Aug	1944.24 	100.68 	189603.00 	1.51 	2833.00 	18.80 	81.18 
19-Sep	2045.21 	101.06 	190097.90 	1.52 	2853.00 	21.80 	82.25 
19-Oct	2065.75 	101.43 	192231.80 	1.35 	2874.00 	20.20 	102.87 
19-Nov	2128.79 	101.85 	193327.00 	1.28 	2901.00 	18.70 	113.87 
19-Dec	2147.01 	102.56 	194201.60 	1.28 	2912.00 	19.90 	122.83 
20-Jan	2203.44 	103.06 	195176.20 	1.27 	2929.00 	20.10 	102.11 
20-Feb	2167.12 	103.42 	196654.80 	1.24 	2954.60 	18.20 	100.77 
20-Mar	1786.75 	103.91 	198287.60 	0.98 	2984.30 	19.30 	91.40 
20-Apr	1849.59 	104.07 	200025.00 	0.74 	3015.80 	16.50 	67.01 
20-May	1965.17 	104.09 	201328.20 	0.70 	3046.10 	16.20 	68.21 
20-Jun	2134.70 	104.64 	202582.30 	0.48 	3077.30 	16.70 	127.89 
